-10.0

-10.2

-10.3

-9.7

-9.2

-8.6

-8.7

-8.2

-7.6

-7.8

-7.2

-6.605

-6.81

-7.01

-7.21

-7.41

-7.61

-7.02

-7.22

-6.62

-6.03

-6.23

-5.63

-5.83

-6.036

-6.24

-5.64

-5.04

-4.45

-3.847

-4.04

-3.444

-2.843

-3.044

-3.246

-2.645

-2.044

-2.246

-1.645

-1.845

-1.246

-0.646

0.0

-0.2467

0.3953

0.53

0.7954

0.5954

0.3954

0.53

1.5952

2.1953

1.53

2.595

3.1953

2.5

3.595

3.395

3.195

2.47

2.7945

2.5943

3.1944

2.42

2.794

2.594

2.3937

2.1935

1.36

1.7936

2.3937

2.4

3.594

4.194

4.794

5.393

5.193

5.793

6.392

6.2

6.792

7.3915

7.191

7.791

8.391

8.1

9.59

9.391

9.192

9.792

20.0

19.85

20.35

20.85

21.35

21.23

21.054

21.554

21.46

21.96

21.757

21.61

22.11

22.61

22.45000000000001

22.95000000000001

23.45000000000001

23.95000000000001

24.45000000000001

24.95000000000001

25.45000000000001

25.31

25.81

26.31

26.150000000000013

26.650000000000013

27.150000000000013

27.650000000000013

28.150000000000013

28.650000000000013

29.150000000000013

29.14

28.850000000000016

29.350000000000016

29.850000000000016

30.350000000000016

30.217

30.717

31.217

31.05000000000002

31.55000000000002

32.05000000000002

32.55000000000002

33.05000000000002

33.55000000000002

33.42

33.92

34.42

34.25000000000002

34.75000000000002

35.25000000000002

35.12

34.950000000000024

35.450000000000024

35.326

35.826

36.326

36.826

37.326

37.826

37.65000000000003

38.15000000000003

38.65000000000003

38.53

39.3

38.85000000000003

38.73

39.23

39.05000000000003

39.55000000000003

40.05000000000003

40.55000000000003

41.05000000000003

41.55000000000003

42.05000000000003

42.55000000000003

42.434

42.250000000000036

42.750000000000036

42.64

43.14

43.64

44.14

43.95000000000004

44.45000000000004

44.95000000000004

44.84

45.34

45.84

46.34

40.0

39.5

39.0

38.5

38.65

38.15

37.65

37.15

36.65

36.8

36.3

36.446

35.946

35.446

35.594

35.74

35.89

35.39

35.54

35.04

35.19

35.34

34.84

34.986

34.486

34.649999999999984

34.149999999999984

33.649999999999984

33.78

33.28

33.44999999999998

33.58

33.74999999999998

33.24999999999998

32.74999999999998

32.88

33.049999999999976

32.549999999999976

32.674

32.174

31.674

31.174

31.349999999999973

30.849999999999973

30.349999999999973

30.47

30.64999999999997

30.77

30.27

29.77

29.27

28.77

28.949999999999967

28.449999999999967

28.566

28.066

27.566

27.749999999999964

27.863

27.363

26.863

26.363

25.863

26.04999999999996

26.16

25.66

25.16

25.34999999999996

24.84999999999996

24.34999999999996

23.84999999999996

23.957

23.457

22.957

23.149999999999956

23.255

23.449999999999953

22.949999999999953

22.449999999999953

21.949999999999953

21.449999999999953

21.55

21.05

20.55

20.05

19.55

19.05

18.55

18.05

17.55

20.0

19.4

19.598

18.6

19.196

18.594

17.3

17.39

16.79

16.19

16.388

15.788

15.189

15.388

15.587

14.988

15.187

15.386

14.786

14.986

14.386

13.786

13.986

13.386

12.786

12.986

13.185

12.585

11.986

12.185

12.384

11.785

11.185

11.384

11.584

10.984

10.384

9.785

9.185

8.585

8.785

8.984

8.384

7.785

7.185

7.385

7.585

7.786

7.186

7.386

6.7865

6.187

5.587

5.787

5.188

4.588

3.988

3.388

2.788

2.988

3.188

2.588

2.7883

2.9885

2.3884

1.7883

1.9882

2.188

1.588

1.788

1.1882

1.3881

1.588

1.788

1.1882

0.5882

0.0

-0.6117

-1.2117

-1.8118

-2.412

-2.2117

-2.812

-2.6116

-3.2117

-3.115

-2.8114

-3.4115

-4.115

-4.611

0.1

0.2

0.3

0.1

0.5

0.4

0.6

0.9

0.8

0.4

0.2

0.2

0.1

0.3

0.2

0.2

0.1

0.5

0.6

0.8

0.3

0.8

0.9

0.3

