10
2
-2
-3
5
7
14
25
-8
2
16
-2
23
27
27
-3
28
-1
16
-7
19
21
17
-7
30
26
24
5
26
-7
28
-8
1
-5
2
4
30
18
10
8
25
26
23
23
6
30
4
-8
9
3
18
2
12
-9
15
10
9
-4
8
27
25
22
22
5
10
20
24
-10
23
19
30
3
-9
21
-6
-4
9
28
16
28
-3
7
20
30
15
25
29
2
-5
-4
26
-7
20
12
7
16
18
18
11
18
25
-5
4
12
24
11
27
27
-7
-8
13
3
13
-6
12
22
30
6
1
18
22
24
7
-4
10
29
22
18
11
28
14
5
11
-9
13
28
26
6
23
24
14
17
12
14
27
-7
3
27
1
-1
5
15
16
17
12
28
23
10
2
4
-5
-6
9
5
-7
18
0
-1
3
-8
6
24
19
17
2
18
-3
10
28
-7
19
26
23
7
19
7
24
25
10
26
20
-9
3
3
-3
10
30
-10
-10
1
29
30
-4
17
12
11
1
23
14
26
-9
22
21
5
27
21
-8
21
12
1
11
28
-1
-4
9
16
11
11
-7
-10
9
17
-6
19
19
6
27
17
-9
-8
-4
-7
6
-6
-2
1
-4
24
3
26
-3
-5
8
9
-4
11
-6
25
19
0
6
0
12
15
23
16
-4
24
18
4
-8
-7
-2
8
-3
23
-9
23
29
22
-4
-5
30
15
13
13
15
15
13
1
-1
2
28
2
16
4
20
15
29
23
12
29
11
9
-5
24
-6
26
22
30
-9
4
14
10
30
4
-4
20
6
20
11
30
-3
19
13
-7
-6
-2
-6
-9
21
11
2
23
8
3
-4
20
13
17
20
-1
11
19
30
3
0
-4
23
7
0
16
7
-10
9
-8
21
9
11
-6
